================================
Entrada: input/arquivos/arq_01.txt;
--------------------------
A
8.962000 4.319000 3.374000 6.718000 6.481000 3.612000 9.021000 0.530000 0.613000 6.841000
1.690000 9.585000 9.915000 8.425000 4.104000 2.806000 2.485000 7.256000 1.182000 5.832000
9.579000 3.415000 2.627000 8.157000 2.072000 1.854000 1.342000 1.984000 3.801000 7.331000
2.100000 7.432000 9.469000 8.978000 1.727000 7.758000 0.736000 5.651000 9.601000 0.713000
4.085000 5.526000 5.631000 4.745000 2.457000 2.779000 4.561000 5.132000 7.650000 7.947000
7.064000 5.493000 8.996000 2.209000 9.723000 6.592000 2.793000 2.866000 4.863000 7.660000
9.494000 0.094000 5.149000 0.008000 8.330000 4.052000 7.982000 3.088000 0.697000 3.577000
9.111000 6.071000 9.687000 3.558000 7.096000 6.981000 1.757000 1.882000 1.010000 7.057000
0.422000 4.936000 0.359000 4.293000 9.207000 0.134000 2.768000 9.391000 2.191000 5.434000
3.541000 8.587000 1.746000 6.841000 8.493000 5.570000 5.958000 0.958000 7.733000 2.770000
--------------------------
B
0.069000 6.144000 3.441000 8.489000 7.863000 3.154000 9.802000 5.685000 2.727000 3.972000
3.472000 3.478000 0.913000 0.799000 7.734000 3.580000 2.804000 7.538000 6.313000 7.964000
4.382000 2.840000 8.676000 2.371000 0.287000 8.234000 8.197000 9.102000 0.148000 5.468000
2.144000 9.227000 5.175000 4.018000 6.291000 1.302000 5.041000 0.227000 7.206000 6.757000
4.500000 0.874000 8.347000 6.077000 0.742000 0.068000 2.575000 7.401000 4.980000 8.724000
5.400000 8.917000 3.536000 4.626000 6.909000 9.265000 7.305000 8.012000 1.346000 7.631000
1.755000 5.614000 5.431000 7.631000 0.671000 5.014000 7.691000 0.380000 8.276000 0.574000
5.839000 9.030000 2.369000 7.792000 3.043000 3.963000 7.350000 4.078000 6.318000 8.146000
6.197000 1.662000 4.816000 0.483000 0.492000 8.344000 4.325000 1.507000 6.936000 4.906000
1.776000 1.891000 8.008000 5.378000 3.675000 2.447000 6.902000 6.376000 5.545000 0.168000
--------------------------
C
128.346408 248.910685 273.672459 280.672114 209.974990 183.348891 327.696169 242.777278 257.943062 231.591654
192.938305 270.689329 271.447081 224.722693 211.459549 223.879512 316.059379 296.373935 258.457561 318.718881
111.367992 217.428802 213.935051 211.178438 203.896944 156.253085 276.942453 197.221873 210.318445 203.761421
231.407048 291.635925 253.805822 186.793963 213.104861 302.823040 319.059111 273.463636 250.124799 347.915932
179.870784 230.709075 260.257252 220.523644 178.994668 237.610204 312.975591 242.518393 264.325012 249.017656
208.442440 239.842967 329.990222 271.331308 208.402796 265.312974 359.158624 357.640725 245.910395 321.142181
125.638627 197.385257 243.994264 266.822152 139.323642 177.624277 298.409396 235.148285 184.478525 204.016238
174.278092 247.766814 298.643305 261.387014 230.590683 241.990924 353.359179 349.847199 207.546883 299.205699
153.019640 183.890461 199.961897 206.777093 127.842969 112.088933 204.541700 190.360741 236.900088 243.051599
189.563942 236.981877 255.213262 217.488580 203.474908 222.349202 275.570641 245.273838 287.569842 304.448305
--------------------------
V
1694.873278
2365.241192
2600.920615
2347.696999
1927.066010
2123.281042
3043.772243
2630.625903
2403.574612
2722.869566
--------------------------
E
23859.921460
================================

================================
Entrada: input/arquivos/arq_02.txt;
--------------------------
A
0.019000 6.253000 3.595000 3.493000 3.797000 1.836000 3.758000 6.117000 0.855000 0.018000
3.657000 4.937000 1.677000 8.458000 8.629000 3.889000 8.890000 0.807000 5.222000 8.419000
6.020000 5.526000 2.878000 0.890000 2.836000 8.980000 5.554000 3.166000 7.067000 8.540000
8.224000 5.908000 1.971000 6.546000 6.782000 2.665000 9.863000 2.032000 6.191000 1.109000
3.823000 9.610000 0.354000 6.147000 2.993000 5.560000 2.176000 0.251000 9.129000 3.826000
2.708000 4.436000 1.414000 7.202000 4.910000 4.220000 1.837000 3.611000 3.437000 9.496000
7.595000 9.660000 5.914000 5.353000 6.591000 7.841000 7.101000 1.710000 9.979000 7.053000
6.286000 4.682000 9.938000 1.830000 6.685000 8.140000 7.731000 2.410000 8.276000 3.950000
6.280000 0.187000 1.552000 6.382000 3.898000 5.749000 1.031000 6.195000 7.358000 8.031000
1.705000 0.764000 6.663000 8.971000 9.796000 3.991000 0.009000 2.267000 7.533000 9.750000
--------------------------
B
6.693000 7.212000 1.502000 3.346000 2.637000 4.270000 3.827000 2.039000 6.689000 9.297000
8.074000 2.496000 9.058000 8.215000 7.478000 0.182000 1.032000 9.258000 0.150000 4.082000
0.148000 3.758000 4.364000 9.480000 8.091000 0.125000 0.064000 3.807000 1.477000 7.508000
4.392000 9.161000 9.685000 4.545000 0.792000 6.879000 9.302000 2.484000 0.870000 4.648000
6.135000 0.147000 2.187000 3.421000 5.550000 4.309000 0.836000 2.914000 7.244000 0.831000
3.107000 7.348000 3.521000 1.604000 2.045000 5.905000 6.883000 7.219000 0.346000 5.715000
6.083000 1.164000 8.430000 8.020000 6.706000 8.587000 8.406000 9.305000 4.969000 6.934000
3.744000 7.534000 6.154000 8.878000 3.736000 0.075000 4.168000 3.972000 2.164000 6.605000
4.609000 6.173000 9.073000 5.039000 5.943000 6.147000 7.499000 7.726000 4.297000 2.594000
5.546000 5.719000 4.009000 9.560000 6.195000 8.479000 2.472000 3.893000 8.621000 2.549000
--------------------------
C
145.288737 131.143633 198.108627 206.249046 156.738643 91.036779 118.600800 170.551052 73.294293 151.300669
294.614659 249.139340 333.051065 328.152756 268.495036 314.936327 269.920260 292.824170 239.831573 237.431391
260.116457 265.362233 282.756237 310.877217 259.270627 262.221573 235.373705 301.793702 208.212139 257.470356
283.963159 233.361188 318.349207 290.904101 247.484728 258.733777 263.145798 286.225566 204.123532 267.363074
243.336379 233.153995 298.044713 244.446725 211.144528 213.392084 219.775686 268.910469 140.056314 190.441461
222.215758 238.491783 252.728929 270.098509 198.401891 225.855077 194.916633 209.593253 177.737652 185.282041
352.718367 331.819868 407.782863 410.130911 353.976538 328.700868 307.772789 393.962296 258.771218 334.010834
271.787802 272.761575 327.152313 360.814485 321.696310 269.327998 255.021108 337.612747 223.507961 313.809843
221.496292 292.096125 254.246932 265.945841 192.500172 244.332036 236.037951 211.470907 199.487476 224.183819
227.800846 271.543682 282.380499 307.200698 247.453772 264.964510 216.964143 220.801162 222.883036 201.071379
--------------------------
V
2523.338456
2518.873422
2954.601385
2994.820289
2457.162245
2473.501029
2317.528873
2693.745324
1947.905194
2362.364867
--------------------------
E
25243.841084
================================

================================
Entrada: input/arquivos/arq_03.txt;
--------------------------
A
1.620000 7.308000 6.929000 4.439000 8.233000 4.853000 2.643000 9.109000 1.354000 9.467000
8.190000 6.341000 9.370000 8.318000 6.175000 0.046000 1.095000 0.241000 3.532000 6.102000
9.939000 5.867000 6.322000 0.425000 0.031000 2.671000 3.928000 6.344000 9.841000 7.306000
9.026000 5.146000 5.782000 4.550000 2.957000 1.237000 6.113000 4.295000 8.240000 5.496000
3.851000 4.603000 3.483000 9.573000 6.796000 0.011000 1.472000 4.564000 2.359000 8.201000
4.512000 9.638000 2.761000 2.429000 9.010000 2.919000 9.813000 1.377000 0.809000 7.830000
5.880000 5.765000 7.014000 9.896000 9.445000 1.069000 8.295000 8.641000 3.664000 8.772000
9.447000 6.072000 1.451000 1.649000 7.228000 9.147000 0.527000 3.815000 3.634000 6.563000
8.710000 4.966000 8.765000 0.205000 2.057000 5.338000 4.452000 5.000000 7.920000 5.785000
7.815000 0.401000 2.561000 9.128000 2.096000 9.683000 2.863000 0.745000 0.968000 4.816000
--------------------------
B
0.999000 5.720000 9.941000 8.336000 6.278000 0.621000 1.758000 5.768000 4.201000 4.199000
3.049000 2.465000 2.555000 3.083000 3.759000 7.941000 3.146000 1.323000 8.386000 0.319000
2.127000 1.209000 2.637000 2.888000 5.256000 8.195000 5.023000 0.457000 4.633000 4.779000
5.318000 5.245000 5.248000 8.437000 6.264000 4.089000 2.841000 0.445000 6.775000 0.791000
5.776000 8.491000 3.296000 3.068000 1.013000 4.744000 6.850000 8.114000 0.392000 1.514000
5.948000 0.414000 8.121000 0.993000 1.887000 7.499000 3.080000 6.135000 2.621000 1.250000
8.800000 4.344000 7.288000 4.096000 2.608000 8.834000 0.339000 5.641000 3.796000 1.897000
7.769000 5.664000 2.599000 1.356000 4.763000 8.027000 7.607000 5.479000 4.778000 8.541000
5.967000 0.859000 4.080000 5.687000 5.726000 3.283000 2.925000 2.664000 0.789000 0.489000
2.560000 5.465000 5.287000 0.085000 1.856000 3.615000 7.714000 3.890000 9.560000 7.451000
--------------------------
C
265.005568 246.830690 241.404010 155.257977 194.966359 344.557665 291.774812 225.981329 291.342295 218.304047
175.825934 212.387696 241.984518 229.468317 218.500575 241.140500 207.090604 154.642185 256.318628 148.506553
220.868295 183.931030 278.382087 206.808866 235.783505 270.827907 212.066014 196.359979 252.968674 198.424906
236.039745 208.784355 280.183780 234.683945 234.012699 271.160410 199.334486 196.465881 245.857737 170.056136
199.000404 224.594547 207.529357 184.311155 180.962278 225.983877 217.909523 160.860256 246.122801 156.191810
244.012207 237.269721 262.703087 173.662067 160.233702 305.231525 206.299947 227.647769 259.532542 143.539607
336.357380 324.931292 327.663453 267.853240 269.075730 386.578359 306.738858 270.367208 338.618455 240.203041
208.723717 207.453239 283.294363 175.387889 177.205532 246.535220 215.823870 237.771539 221.146828 156.482124
227.298465 179.488212 281.933226 197.119310 224.370777 293.677509 213.411424 206.456518 237.373220 188.121691
181.808086 162.276276 271.128061 185.488418 167.099809 200.765125 144.597903 168.796959 197.333959 115.830989
--------------------------
V
2294.939801
2187.947058
2676.205942
2010.041184
2062.210966
2786.458097
2215.047441
2045.349623
2546.615139
1735.660904
--------------------------
E
22560.476155
================================

================================
Entrada: input/arquivos/arq_04.txt;
--------------------------
A
4.611000 3.795000 7.672000 2.465000 8.506000 4.355000 7.966000 7.211000 7.503000 8.474000
2.776000 9.225000 6.591000 8.246000 2.484000 0.889000 2.307000 7.544000 7.715000 2.326000
0.546000 3.439000 6.057000 4.081000 2.861000 9.303000 9.027000 9.699000 3.379000 1.104000
2.629000 5.903000 9.834000 6.958000 7.964000 0.897000 5.047000 9.919000 7.532000 6.027000
0.323000 9.324000 9.645000 7.678000 4.213000 2.567000 2.469000 8.546000 0.299000 4.025000
5.390000 3.576000 7.325000 7.417000 2.505000 1.126000 6.724000 3.299000 2.040000 7.808000
1.918000 8.427000 8.591000 4.594000 8.262000 3.790000 5.682000 6.461000 2.998000 4.048000
8.737000 5.866000 8.258000 7.708000 9.810000 3.735000 0.830000 0.256000 8.288000 5.181000
8.316000 0.911000 4.339000 9.195000 5.734000 3.333000 4.174000 7.474000 9.039000 2.595000
1.364000 6.800000 4.969000 1.179000 2.610000 1.935000 2.975000 6.548000 8.533000 9.210000
--------------------------
B
7.173000 4.981000 7.294000 2.826000 8.555000 7.922000 4.154000 1.980000 5.260000 7.982000
5.619000 2.049000 3.106000 7.892000 5.016000 3.954000 6.225000 4.820000 8.325000 4.229000
4.187000 7.546000 8.853000 6.150000 8.279000 0.056000 2.665000 8.859000 0.791000 0.711000
9.246000 4.264000 8.175000 5.283000 1.819000 1.617000 2.710000 3.058000 6.172000 3.755000
8.886000 1.631000 1.021000 3.241000 0.358000 8.641000 3.065000 9.279000 6.806000 1.446000
2.921000 7.764000 4.395000 1.836000 2.665000 4.855000 1.057000 9.368000 4.032000 9.269000
6.662000 5.128000 2.808000 3.152000 9.708000 1.674000 9.406000 3.565000 3.738000 8.738000
5.646000 0.948000 8.728000 0.564000 3.552000 2.847000 5.044000 2.844000 0.247000 1.157000
9.895000 2.123000 3.549000 0.775000 2.311000 8.698000 1.761000 1.687000 3.268000 7.342000
4.769000 2.741000 1.885000 3.337000 0.712000 6.478000 1.491000 1.053000 2.664000 2.538000
--------------------------
C
406.055622 233.674303 289.224119 202.018346 267.454692 304.613647 237.726121 293.138269 231.233528 274.775168
345.651426 170.316030 285.192619 199.697259 211.524221 205.462923 194.227696 210.088179 209.894248 200.086385
292.529302 215.453215 269.530419 154.072979 235.986910 174.015858 210.905711 264.121540 168.584523 246.609137
423.821332 216.814835 332.363226 226.164319 257.340688 270.385362 237.842247 289.611008 233.500356 225.071405
297.870787 185.465434 285.225295 219.010157 209.580228 158.386886 194.378363 255.495229 196.402629 151.455940
304.395441 197.244043 253.042995 188.563714 229.349820 185.327381 188.260130 194.290864 184.698858 202.629557
347.344902 206.860511 269.485825 220.151780 239.138725 226.422423 222.448484 294.691303 230.322075 210.792125
413.250349 232.014334 288.245088 227.617709 231.832872 316.006391 181.139426 291.442999 274.776444 259.714607
400.463809 205.260091 311.496361 163.692469 229.102068 274.019340 194.541539 225.961235 217.875206 265.098404
293.689987 147.354337 209.017044 156.737058 173.569006 229.329670 164.248161 178.769431 165.716677 188.910179
--------------------------
V
3525.072957
2010.457133
2792.822991
1957.725790
2284.879230
2343.969881
2025.717878
2497.610057
2113.004544
2225.142907
--------------------------
E
23776.403368
================================

================================
Entrada: input/arquivos/arq_05.txt;
--------------------------
A
4.369000 2.411000 6.062000 8.403000 9.100000 1.375000 8.077000 0.926000 6.283000 5.410000
2.909000 3.824000 6.888000 2.966000 8.853000 0.218000 0.037000 7.992000 5.093000 7.329000
1.745000 7.937000 7.925000 6.773000 6.416000 7.427000 8.676000 7.153000 9.211000 6.603000
9.198000 9.461000 4.984000 5.937000 7.461000 0.623000 9.400000 1.966000 9.219000 1.593000
3.787000 3.874000 8.735000 3.207000 3.280000 1.530000 2.208000 0.241000 7.295000 0.996000
9.978000 7.159000 0.637000 1.357000 2.263000 2.617000 9.221000 5.261000 7.855000 7.583000
8.952000 9.817000 4.511000 4.377000 9.010000 6.051000 9.072000 6.192000 3.094000 6.067000
7.908000 8.097000 7.672000 2.788000 4.848000 8.203000 2.181000 3.197000 0.623000 3.445000
4.712000 9.545000 2.256000 3.584000 7.799000 3.477000 2.441000 4.419000 4.451000 8.724000
7.023000 6.982000 3.033000 9.710000 0.579000 1.383000 7.457000 7.860000 2.506000 8.011000
--------------------------
B
4.444000 7.995000 0.805000 2.394000 8.135000 6.788000 8.963000 6.526000 1.633000 8.544000
2.518000 2.660000 2.786000 0.498000 7.701000 5.917000 1.667000 3.087000 8.173000 5.371000
1.686000 7.415000 5.361000 1.145000 0.677000 0.623000 8.792000 1.192000 6.456000 3.053000
3.449000 2.822000 7.800000 4.182000 9.179000 9.693000 5.098000 6.159000 3.624000 8.503000
7.809000 8.528000 7.145000 0.295000 6.088000 9.465000 4.174000 3.192000 9.883000 7.642000
2.928000 2.214000 5.450000 4.556000 6.666000 7.950000 7.750000 3.460000 8.408000 9.236000
1.973000 7.121000 1.940000 6.265000 4.239000 4.162000 6.111000 8.148000 1.173000 5.688000
8.953000 7.510000 1.596000 8.384000 9.489000 6.554000 6.735000 7.688000 9.203000 0.642000
9.069000 6.346000 4.283000 6.807000 9.502000 2.020000 6.431000 6.979000 4.648000 0.661000
8.466000 8.161000 8.043000 2.667000 5.687000 9.838000 4.875000 5.458000 7.055000 4.754000
--------------------------
C
266.785099 339.148966 268.359118 178.254240 333.403540 331.813032 310.328612 275.046853 283.291957 298.886583
294.031819 321.270447 231.087040 154.215140 306.418321 295.864431 269.304046 223.569669 329.520940 204.860095
356.904687 411.940917 325.958272 275.894469 461.148558 415.725151 410.036459 359.235243 434.686282 348.372042
286.906787 370.627881 237.165967 204.682395 410.290571 340.942627 346.007453 322.450061 308.220551 326.268449
163.570221 217.716848 161.382003 110.513920 212.787090 163.668428 225.982333 158.792158 196.884028 168.568103
294.186651 349.368305 193.326936 222.018125 387.183886 329.192214 322.877865 324.398979 277.445107 275.719158
328.038871 413.970556 279.765588 226.007324 447.958826 441.752137 389.695614 346.986730 404.570888 391.408617
207.699829 280.631856 210.855480 136.107131 306.760448 309.674193 305.512127 212.276610 314.788780 302.242578
290.825220 314.124039 246.127680 157.653889 361.107087 360.007006 271.583728 254.445424 345.338684 281.738786
271.596432 326.022738 230.954396 221.881880 390.390280 367.893104 317.565393 319.838834 289.901188 293.729115
--------------------------
V
2760.545616
3344.822553
2384.982480
1887.228513
3617.448607
3356.532323
3168.893630
2797.040561
3184.648405
2891.793526
--------------------------
E
29393.936214
================================

================================
Entrada: input/arquivos/arq_06.txt;
--------------------------
A
3.325000 8.811000 9.365000 8.656000 9.935000 8.671000 5.759000 7.699000 4.619000 9.564000
7.204000 8.161000 1.272000 0.642000 5.108000 4.273000 1.583000 2.225000 9.746000 0.849000
0.611000 0.608000 9.036000 8.895000 0.479000 1.019000 9.547000 6.305000 1.780000 1.001000
4.692000 7.695000 8.670000 5.633000 7.759000 8.457000 2.990000 0.300000 8.151000 8.774000
2.416000 3.760000 9.312000 4.813000 0.749000 4.962000 2.446000 5.248000 7.916000 8.322000
0.530000 5.712000 8.510000 6.676000 6.828000 6.391000 9.109000 2.435000 9.781000 2.312000
0.425000 3.579000 7.991000 8.556000 1.545000 0.118000 1.398000 5.818000 2.707000 9.686000
3.534000 0.590000 1.970000 3.047000 5.008000 6.315000 1.620000 7.814000 8.312000 4.475000
8.345000 1.037000 7.194000 7.154000 0.033000 4.061000 1.837000 6.255000 9.577000 5.208000
7.678000 4.173000 4.615000 6.530000 5.948000 5.908000 8.311000 4.792000 3.215000 4.679000
--------------------------
B
2.330000 3.494000 7.779000 2.158000 7.304000 1.627000 6.087000 4.242000 6.884000 3.544000
8.852000 0.615000 8.546000 4.868000 8.461000 9.667000 1.157000 8.250000 1.423000 6.907000
2.605000 0.122000 4.065000 3.315000 7.676000 4.797000 6.225000 6.497000 5.495000 4.989000
1.671000 6.667000 3.103000 7.350000 4.324000 4.196000 0.777000 3.002000 9.622000 3.005000
5.437000 1.964000 1.914000 6.466000 8.493000 9.008000 2.474000 5.445000 7.278000 2.263000
9.104000 2.484000 4.898000 2.832000 6.247000 9.862000 8.038000 2.367000 5.683000 1.582000
5.585000 1.012000 8.427000 1.107000 1.731000 9.371000 4.250000 1.752000 3.018000 9.356000
1.875000 7.566000 8.560000 6.384000 5.263000 4.653000 5.636000 2.198000 6.065000 8.896000
5.962000 2.462000 1.349000 1.390000 6.135000 8.968000 1.890000 6.591000 1.739000 0.832000
6.678000 2.092000 3.986000 0.005000 9.661000 8.088000 4.954000 0.064000 1.709000 5.826000
--------------------------
C
395.566112 212.398109 386.366090 295.523714 517.919682 555.405935 313.710407 306.313544 380.212697 363.509449
236.874626 99.478539 212.569903 138.846790 286.728039 307.018159 150.587361 217.960525 172.503240 156.152605
139.528178 130.227709 221.003905 158.892748 198.163221 244.766185 161.391780 140.418450 221.447757 233.594752
354.675488 139.703738 284.989992 208.447004 450.540430 474.020983 256.254128 279.074601 289.635897 249.439395
246.729862 136.855419 238.838003 155.913460 339.926771 346.465434 218.662651 200.568181 220.311988 229.639196
309.622418 136.756292 272.633654 207.714019 355.230668 452.555804 218.636874 262.934676 272.009459 257.904268
176.798448 137.392791 200.303151 160.541491 288.803973 267.393103 159.723101 151.323071 206.936279 219.006719
211.539687 149.373515 200.102017 152.944271 279.240420 303.354622 188.778153 159.105281 212.030792 174.564623
210.333711 172.178991 247.876029 166.504315 326.699608 302.804524 222.022484 202.384771 259.643802 211.766380
269.704676 162.220013 308.777887 199.653387 347.006446 381.070241 239.155766 209.538346 291.582698 271.809490
--------------------------
V
2551.373206
1476.585116
2573.460631
1844.981199
3390.259258
3634.854990
2128.922705
2129.621446
2526.314609
2367.386877
--------------------------
E
24623.760037
================================

================================
Entrada: input/arquivos/arq_07.txt;
--------------------------
A
9.326000 8.325000 2.672000 9.332000 3.376000 0.122000 4.413000 3.364000 9.456000 4.176000
9.531000 5.808000 6.902000 3.742000 0.147000 5.414000 1.781000 1.425000 8.738000 8.347000
2.862000 0.284000 7.202000 3.408000 9.698000 3.818000 2.276000 3.378000 0.653000 2.869000
2.227000 1.261000 6.658000 0.811000 4.050000 8.248000 6.366000 0.961000 2.983000 5.100000
1.418000 5.759000 9.316000 9.917000 0.999000 6.575000 6.526000 3.694000 3.879000 6.836000
1.859000 5.534000 4.819000 7.949000 6.728000 5.305000 0.949000 4.483000 2.187000 2.903000
8.313000 5.620000 1.550000 1.279000 2.684000 3.753000 2.858000 7.237000 6.364000 4.097000
7.436000 2.725000 9.951000 1.821000 2.398000 7.116000 1.246000 0.230000 6.460000 3.323000
7.257000 6.718000 5.451000 0.098000 2.870000 1.720000 4.052000 5.207000 6.299000 5.971000
8.287000 4.085000 1.055000 9.645000 0.792000 7.134000 4.175000 3.861000 1.663000 0.527000
--------------------------
B
7.525000 1.564000 3.538000 3.311000 3.736000 8.057000 1.265000 9.951000 8.035000 2.919000
6.118000 2.411000 0.081000 1.442000 1.679000 8.129000 2.212000 7.363000 6.513000 1.934000
8.143000 0.653000 7.107000 7.651000 8.480000 6.294000 5.591000 7.703000 4.260000 5.107000
1.974000 3.224000 3.605000 1.668000 8.560000 2.748000 9.365000 1.725000 7.222000 3.610000
0.937000 2.158000 2.424000 6.790000 9.933000 7.365000 0.652000 2.289000 0.160000 8.106000
2.023000 4.644000 9.519000 8.503000 4.353000 0.475000 2.731000 4.178000 3.564000 8.485000
6.410000 6.301000 5.915000 7.442000 5.677000 6.578000 4.895000 4.091000 8.327000 2.630000
6.552000 5.744000 7.156000 8.015000 4.486000 9.333000 5.015000 9.030000 3.934000 4.361000
5.881000 3.771000 5.940000 8.820000 9.246000 0.440000 4.995000 0.877000 3.291000 5.734000
2.121000 2.999000 5.287000 4.976000 4.690000 6.637000 0.563000 9.654000 2.385000 1.414000
--------------------------
C
279.496372 169.652128 224.069050 266.838392 332.584086 302.499279 223.135859 296.056016 299.969010 205.460756
271.779049 148.331560 265.391968 289.293916 297.389486 265.641710 177.628442 328.583501 259.256039 207.744972
152.105438 104.321168 190.153439 233.034796 261.932504 219.128937 126.139666 198.161449 136.530882 197.513052
176.233190 132.705192 235.767766 265.883156 241.922131 192.079519 129.344638 214.434390 169.141641 193.932506
258.923949 184.316134 296.670707 309.910801 338.945711 279.088739 251.793265 304.590382 281.745718 227.722203
174.289297 132.863052 202.769765 231.784184 274.401542 232.521934 174.538922 221.950625 188.559642 207.677126
234.045133 150.771135 215.880123 255.547867 234.329091 263.818342 139.968937 282.248212 216.027278 182.629907
228.428854 112.288877 242.322782 269.140973 270.543045 205.980378 150.512407 253.993207 199.249288 210.207221
256.257838 142.704859 218.856140 266.854773 254.056254 287.264793 142.776015 304.356933 221.778811 178.152199
193.112878 145.769535 206.735665 202.832851 227.117434 210.068966 184.145269 227.415686 249.578663 177.347311
--------------------------
V
2224.671998
1423.723640
2298.617405
2591.121709
2733.221284
2458.092597
1699.983420
2631.790401
2221.836972
1988.387253
--------------------------
E
22271.446679
================================

================================
Entrada: input/arquivos/arq_08.txt;
--------------------------
A
9.306000 3.463000 6.238000 1.066000 4.331000 4.117000 5.805000 9.393000 2.539000 1.144000
6.043000 3.669000 0.452000 5.156000 5.502000 3.466000 7.937000 3.641000 5.529000 0.122000
9.019000 4.457000 9.573000 3.930000 6.356000 5.045000 8.833000 1.739000 8.597000 1.965000
4.443000 6.499000 0.151000 1.027000 7.327000 5.026000 4.776000 1.567000 0.690000 8.349000
4.954000 6.077000 4.963000 1.124000 5.484000 8.186000 2.190000 2.876000 7.975000 5.597000
2.447000 0.867000 7.474000 1.151000 6.780000 8.863000 7.987000 8.785000 7.683000 6.356000
3.459000 3.246000 8.773000 8.347000 3.049000 8.385000 8.277000 4.115000 2.194000 0.688000
9.820000 3.678000 0.163000 7.133000 8.872000 9.595000 4.009000 2.532000 4.864000 8.958000
6.609000 3.006000 7.145000 1.402000 7.669000 5.880000 4.747000 8.659000 4.863000 8.028000
6.061000 5.312000 3.315000 0.681000 7.035000 2.751000 4.922000 7.695000 8.821000 6.066000
--------------------------
B
4.094000 1.612000 0.919000 3.972000 5.406000 3.626000 7.852000 5.494000 7.657000 6.679000
9.140000 9.438000 9.963000 5.242000 3.211000 9.547000 2.089000 2.436000 5.018000 1.702000
2.337000 6.505000 3.180000 3.719000 8.169000 9.524000 1.077000 3.801000 2.851000 4.619000
5.702000 8.980000 9.797000 3.483000 4.126000 7.300000 1.873000 4.012000 1.048000 8.219000
3.538000 0.595000 4.511000 9.502000 2.099000 0.760000 1.112000 6.866000 7.006000 2.158000
3.107000 9.981000 6.061000 1.713000 1.894000 1.694000 6.639000 6.861000 0.663000 7.398000
5.366000 9.219000 0.287000 7.392000 0.616000 8.020000 4.923000 5.440000 7.738000 7.857000
0.817000 9.395000 3.644000 4.074000 7.654000 5.156000 1.805000 1.772000 5.531000 4.191000
1.253000 7.031000 7.302000 6.866000 6.697000 5.958000 8.237000 9.905000 5.043000 3.779000
3.087000 4.791000 6.721000 8.588000 8.355000 0.023000 3.807000 7.134000 7.715000 3.712000
--------------------------
C
164.058325 306.600801 179.947532 238.669149 235.704539 254.403169 191.970029 227.067532 259.109549 244.244797
171.834566 278.315613 196.623847 233.605880 158.333392 224.308757 186.039850 231.363033 222.598257 227.552966
226.260707 375.932678 265.741609 325.794680 273.124750 339.565980 263.278497 341.120435 307.192752 311.852403
178.884239 236.831822 211.121905 252.211558 164.569344 151.860078 155.873139 224.880629 236.320000 180.559818
180.041175 322.782937 273.205276 270.765487 242.023596 229.524296 222.459530 295.143234 243.855007 228.161308
172.780477 404.215360 263.358355 327.841716 289.552106 272.174171 240.270234 336.402958 297.153906 294.200659
201.415513 387.429231 247.783137 234.709813 214.545960 305.226634 186.948357 251.167680 206.633772 299.489141
233.402974 354.567667 320.346559 334.750955 261.722311 221.734066 270.366952 357.274250 308.773014 315.099823
188.048817 359.111655 265.094081 329.107511 305.608217 258.610398 225.677864 316.020660 316.241710 275.597719
180.909540 327.981099 258.749390 318.571885 271.374647 251.085900 223.492637 299.806643 306.271543 232.738445
--------------------------
V
1897.636333
3353.768863
2481.971691
2866.028634
2416.558862
2508.493449
2166.377089
2880.247054
2704.149510
2609.497079
--------------------------
E
25884.728564
================================

================================
Entrada: input/arquivos/arq_09.txt;
--------------------------
A
7.632000 5.178000 5.982000 8.594000 0.548000 8.026000 0.581000 9.534000 6.578000 4.421000
8.362000 9.734000 9.433000 8.749000 4.839000 3.056000 6.214000 7.780000 4.271000 3.501000
4.516000 2.432000 4.026000 6.395000 8.391000 8.440000 8.493000 0.296000 3.682000 1.984000
7.782000 5.349000 7.520000 1.984000 7.898000 8.710000 1.051000 0.103000 9.247000 3.793000
5.400000 1.627000 6.675000 2.531000 7.329000 9.837000 1.743000 8.834000 1.032000 4.048000
4.242000 1.011000 1.781000 0.214000 8.042000 8.119000 8.990000 9.773000 8.305000 6.823000
5.771000 6.209000 7.349000 4.119000 9.448000 5.677000 1.397000 7.443000 5.776000 0.675000
8.615000 7.398000 9.886000 9.863000 1.670000 7.108000 5.469000 2.759000 4.816000 8.580000
9.602000 1.555000 6.074000 1.751000 0.970000 7.014000 1.612000 1.540000 9.623000 7.869000
7.967000 4.137000 1.293000 2.869000 9.232000 1.338000 1.636000 0.617000 9.406000 3.324000
--------------------------
B
0.227000 2.397000 0.219000 5.411000 3.501000 4.345000 2.471000 8.325000 6.967000 0.344000
6.035000 3.152000 9.654000 5.669000 3.045000 5.740000 3.863000 5.100000 0.291000 0.583000
3.071000 9.409000 9.539000 4.648000 6.469000 4.460000 8.069000 2.690000 6.156000 3.637000
6.207000 3.441000 3.472000 1.640000 6.720000 4.435000 4.496000 9.246000 9.669000 6.182000
5.647000 3.115000 8.852000 6.223000 8.690000 0.173000 4.784000 0.886000 5.441000 5.816000
3.721000 9.023000 2.040000 3.084000 6.623000 2.593000 6.520000 0.361000 2.301000 7.078000
3.711000 5.421000 0.357000 4.044000 0.925000 4.846000 6.602000 4.030000 6.773000 0.537000
7.155000 9.488000 8.465000 9.142000 7.570000 2.027000 4.137000 2.207000 3.602000 9.569000
1.976000 3.300000 8.629000 4.424000 0.329000 5.967000 5.673000 3.483000 8.815000 0.955000
5.490000 2.127000 0.653000 3.466000 6.541000 2.271000 7.308000 4.730000 0.471000 8.793000
--------------------------
C
245.295955 319.316230 300.345624 274.645368 300.645926 220.015053 293.623402 256.084290 294.392956 277.222706
288.999899 341.277122 372.447007 325.443119 329.969297 261.159332 339.815600 304.564147 346.523950 259.366417
198.352275 245.887999 215.174889 205.887321 245.335927 171.469276 269.645306 187.527064 275.844441 194.042975
190.199121 261.546272 303.163022 245.896633 261.435958 199.898353 291.606973 195.390894 275.053134 196.727679
219.182222 306.456927 261.244436 255.969834 308.191122 142.276771 267.558492 153.917151 220.799917 277.029669
246.642696 312.537151 278.228842 298.488395 284.205171 183.997192 317.888946 176.294271 277.833382 280.359041
234.951775 296.067012 354.609193 285.227734 297.984142 185.969065 275.991718 193.350053 279.054708 236.352027
270.718160 330.229443 303.604399 281.377635 328.159202 266.768133 365.857890 316.768632 337.312739 273.609130
151.879164 229.245118 205.816074 209.986509 212.080021 190.081499 266.100204 204.419849 248.086786 186.396071
152.986639 147.838043 237.571553 204.243968 188.242231 154.773481 202.895008 182.529906 243.502631 135.748261
--------------------------
V
2199.207906
2790.401317
2832.205039
2587.166516
2756.248997
1976.408155
2890.983539
2170.846257
2798.404644
2316.853976
--------------------------
E
25318.726346
================================

================================
Entrada: input/arquivos/arq_10.txt;
--------------------------
A
3.066000 0.547000 1.806000 0.574000 6.230000 2.837000 1.008000 5.923000 6.648000 1.696000
5.305000 3.766000 9.602000 1.663000 5.829000 3.647000 5.536000 5.031000 4.835000 2.788000
7.666000 7.513000 4.904000 6.953000 8.926000 7.636000 0.900000 4.833000 5.449000 8.080000
5.927000 1.249000 9.816000 1.366000 2.133000 5.955000 6.147000 3.101000 8.378000 2.144000
4.647000 7.317000 2.333000 9.217000 7.042000 7.237000 3.917000 6.015000 3.075000 2.104000
3.811000 1.518000 7.167000 2.085000 2.609000 5.940000 3.781000 6.611000 7.123000 0.867000
5.114000 8.885000 6.438000 1.553000 9.415000 5.948000 6.185000 9.340000 0.965000 0.864000
1.039000 2.699000 7.538000 8.895000 8.636000 2.179000 7.978000 9.027000 7.511000 9.635000
3.180000 9.387000 1.404000 7.338000 3.850000 7.207000 8.114000 0.248000 9.448000 0.838000
5.258000 8.203000 3.728000 8.939000 0.591000 6.590000 7.921000 6.921000 7.629000 0.051000
--------------------------
B
5.380000 3.742000 2.849000 9.874000 6.213000 4.431000 7.762000 4.185000 1.572000 6.999000
1.697000 0.712000 3.441000 6.193000 9.831000 9.221000 1.470000 6.630000 5.640000 8.041000
5.431000 0.363000 2.785000 2.078000 0.738000 0.045000 9.673000 7.301000 1.771000 9.534000
5.201000 0.107000 2.076000 8.262000 6.047000 5.950000 1.082000 1.195000 9.455000 6.783000
2.155000 0.789000 3.181000 8.749000 0.386000 3.248000 8.707000 0.521000 7.996000 1.941000
5.323000 5.404000 9.576000 3.527000 7.063000 5.177000 2.481000 6.104000 0.425000 2.857000
3.552000 4.094000 0.031000 4.564000 7.448000 9.943000 3.175000 5.747000 9.575000 8.698000
7.908000 6.964000 1.004000 3.372000 7.373000 2.386000 8.347000 7.180000 3.225000 6.594000
6.552000 9.079000 0.885000 4.293000 7.166000 6.726000 1.094000 4.777000 0.167000 4.484000
5.125000 9.009000 6.913000 0.995000 4.316000 5.197000 4.974000 9.937000 4.022000 6.251000
--------------------------
C
161.413296 153.837030 87.409205 161.469132 157.810299 134.731474 172.324592 147.822998 104.236036 155.402120
233.120443 177.217963 140.507589 239.019511 240.141012 220.430652 279.921811 263.298812 191.720122 312.405736
295.198788 244.472912 242.860314 346.720670 340.789331 312.481641 311.520415 323.461002 261.079135 361.763118
242.954663 202.781589 140.707324 214.218211 245.428064 220.117408 242.846530 262.763587 145.128157 300.414888
244.134214 173.894281 179.177925 312.787067 316.734059 288.260873 235.108624 245.145905 265.114462 311.140094
226.911474 186.323493 124.602282 193.917085 231.148917 188.621122 220.140218 230.286603 132.545073 257.226030
244.164145 174.447461 169.600044 299.805167 304.482780 270.254988 316.395932 286.182888 255.025199 339.532027
325.896012 278.606849 182.608356 308.052328 332.448759 323.541916 331.991506 347.993488 329.794954 406.988967
222.467970 190.135922 156.420497 291.442444 343.421868 343.359390 153.741505 242.433102 247.096091 308.774380
278.412456 214.253936 151.430683 305.024160 381.804011 335.178579 211.618137 286.989411 252.820380 367.972984
--------------------------
V
2474.673461
1995.971436
1575.324219
2672.455775
2894.209100
2636.978043
2475.609270
2636.377796
2184.559609
3121.620344
--------------------------
E
24667.779053
================================

================================
Entrada: input/arquivos/arq_11.txt;
--------------------------
A
7.367000 2.080000 2.189000 9.987000 4.464000 1.426000 9.512000 7.421000 5.867000 5.069000
0.076000 1.429000 8.872000 7.304000 5.544000 3.543000 6.042000 7.624000 7.783000 1.862000
8.590000 6.882000 1.180000 1.178000 3.423000 4.780000 2.466000 8.924000 8.355000 5.930000
4.137000 2.259000 7.591000 3.108000 0.023000 3.144000 7.568000 2.707000 9.291000 0.931000
4.115000 2.349000 2.121000 3.615000 0.898000 2.697000 0.864000 6.851000 0.203000 7.392000
2.419000 0.016000 6.934000 5.583000 9.476000 3.897000 4.882000 2.835000 6.452000 4.571000
9.080000 8.767000 8.549000 6.793000 9.997000 7.924000 7.851000 1.861000 7.807000 3.619000
0.749000 4.572000 1.336000 2.478000 8.041000 3.138000 3.910000 4.015000 9.983000 1.685000
6.966000 0.618000 7.496000 6.530000 6.427000 2.652000 7.752000 1.286000 4.438000 9.581000
1.331000 9.894000 4.704000 7.811000 5.350000 3.162000 9.140000 9.555000 6.146000 7.376000
--------------------------
B
8.430000 4.109000 2.364000 1.372000 6.862000 7.796000 5.573000 7.436000 5.399000 0.662000
5.295000 8.761000 2.805000 7.184000 0.242000 7.704000 9.288000 8.130000 4.115000 8.339000
9.341000 2.861000 0.964000 6.805000 8.358000 2.318000 0.183000 5.773000 6.420000 5.921000
4.767000 4.893000 4.760000 1.155000 4.369000 1.802000 0.910000 3.700000 6.257000 5.958000
7.102000 7.156000 3.869000 6.019000 8.973000 2.564000 4.407000 3.279000 6.683000 7.385000
7.633000 7.594000 9.428000 7.984000 8.120000 3.029000 3.465000 5.242000 6.010000 0.087000
8.421000 1.498000 7.508000 5.827000 0.335000 1.877000 0.171000 5.292000 7.000000 6.128000
1.322000 0.331000 4.428000 1.091000 9.865000 3.739000 8.995000 4.121000 5.450000 4.389000
7.028000 7.316000 8.071000 8.943000 2.460000 1.529000 2.736000 7.272000 3.258000 0.254000
4.797000 2.818000 5.234000 4.843000 8.355000 8.635000 8.912000 9.404000 1.910000 2.156000
--------------------------
C
339.221257 220.309172 281.773835 230.275857 297.798171 210.635779 224.083513 314.646102 299.103770 231.055678
316.905510 214.293427 254.045506 262.982489 297.384174 138.100726 166.174713 264.677936 280.052243 225.744234
306.016546 250.007586 261.166022 256.926036 304.107145 250.075619 301.128373 333.626573 245.691585 171.961931
293.793117 180.584846 216.626441 237.041567 191.569061 129.005823 118.610688 248.531789 218.639011 148.108530
164.355042 114.029363 141.621808 118.191490 222.418330 163.457553 189.936192 196.194602 148.495243 114.627766
321.036833 222.975245 237.632554 256.595727 299.286707 150.315115 159.968055 257.727931 258.700186 200.227424
507.488143 383.218776 349.156295 400.021853 390.036509 284.901894 282.984968 427.622091 394.367643 310.791928
252.351957 225.421554 224.900756 243.881376 205.425365 130.911359 174.561981 228.116738 204.531694 168.702774
373.161611 225.071666 256.241653 265.070922 324.585142 221.599027 199.809941 327.930891 282.056609 215.681067
375.091817 288.728737 322.267666 325.753042 332.718566 260.845163 311.876290 382.312933 331.897234 312.972909
--------------------------
V
3249.421833
2324.640372
2545.432536
2596.740359
2865.329170
1939.848058
2129.134714
2981.387586
2663.535218
2099.874241
--------------------------
E
25395.344087
================================

================================
Entrada: input/arquivos/arq_12.txt;
--------------------------
A
0.802000 1.843000 8.458000 5.538000 0.535000 0.555000 0.705000 9.430000 1.404000 7.479000
4.770000 3.468000 0.778000 7.939000 5.148000 3.516000 5.531000 4.982000 4.140000 4.315000
1.818000 4.790000 7.855000 8.433000 6.211000 2.098000 1.368000 9.400000 7.481000 3.546000
5.288000 0.329000 9.549000 3.326000 8.323000 1.974000 8.584000 6.274000 4.327000 4.196000
6.954000 6.500000 3.734000 6.809000 7.572000 5.302000 5.807000 9.470000 9.629000 3.917000
9.467000 3.366000 0.065000 2.544000 5.149000 0.309000 9.928000 7.941000 8.267000 9.976000
5.279000 4.490000 9.745000 9.815000 0.647000 8.377000 6.333000 8.130000 8.970000 6.163000
5.788000 0.416000 5.267000 0.472000 0.932000 8.883000 4.478000 5.151000 0.400000 6.394000
6.543000 7.620000 1.390000 4.888000 4.610000 1.543000 9.516000 8.285000 7.207000 6.543000
1.204000 2.757000 9.071000 8.598000 9.231000 3.897000 6.703000 2.901000 1.856000 7.802000
--------------------------
B
1.763000 4.186000 0.333000 7.845000 6.894000 0.415000 6.742000 9.097000 3.797000 0.006000
1.508000 3.654000 7.545000 3.984000 0.992000 2.667000 4.999000 0.885000 1.844000 7.201000
6.026000 4.417000 9.090000 6.082000 5.205000 6.728000 2.992000 5.164000 4.630000 4.207000
1.472000 6.944000 7.811000 4.068000 9.001000 2.641000 8.260000 2.076000 6.626000 9.403000
6.604000 3.722000 2.152000 0.596000 3.827000 0.693000 6.165000 0.220000 0.673000 6.486000
3.928000 7.339000 6.939000 9.057000 3.656000 8.774000 1.549000 7.526000 4.886000 3.507000
2.791000 5.987000 3.290000 9.846000 4.489000 7.510000 9.294000 5.666000 4.836000 9.583000
7.373000 3.614000 2.279000 1.970000 5.376000 7.635000 8.181000 6.469000 3.691000 3.867000
4.240000 2.243000 2.682000 4.129000 6.990000 7.425000 2.845000 6.158000 8.594000 4.213000
1.493000 9.209000 1.317000 6.658000 2.578000 8.052000 0.092000 2.443000 8.255000 6.363000
--------------------------
C
157.640346 202.294905 176.741295 174.060665 188.260444 229.957926 178.209975 160.309708 197.391430 203.075024
153.987132 236.310814 178.651342 233.273526 236.063518 216.906197 258.921628 194.157671 217.692379 265.812823
229.572354 248.478472 252.599595 224.614111 283.624595 277.502965 282.126792 219.294156 257.287237 298.027409
229.803240 256.489872 208.302639 279.922303 268.816394 277.471313 291.512393 247.419241 238.675277 286.204503
258.122266 310.390169 263.241690 325.061605 337.857390 334.042504 360.885211 307.028095 309.919603 352.048114
197.324744 289.862771 148.306959 318.240007 283.438432 303.239416 315.756854 281.077458 295.006165 307.124162
251.278543 357.762584 331.940370 391.195728 363.741658 405.459665 336.687274 344.652692 368.440879 368.360033
146.031313 226.156826 156.240194 260.487707 175.094613 246.191891 165.750522 225.036663 191.175415 172.026275
203.073729 287.130947 209.250044 310.085773 281.684266 302.949371 334.876963 264.096213 280.909001 337.258356
209.482222 304.469707 261.640535 282.694407 263.987481 281.270115 275.033958 196.679768 257.357052 345.324587
--------------------------
V
2036.315889
2719.347067
2186.914663
2799.635832
2682.568791
2874.991363
2799.761570
2439.751665
2613.854438
2935.261286
--------------------------
E
26088.402564
================================

================================
Entrada: input/arquivos/arq_13.txt;
--------------------------
A
0.675000 5.378000 6.252000 0.091000 5.172000 0.668000 9.945000 1.516000 7.388000 0.742000
0.391000 9.778000 9.470000 9.503000 1.931000 2.092000 5.028000 6.625000 5.505000 1.249000
6.184000 7.677000 6.645000 6.265000 8.533000 5.150000 2.651000 9.218000 4.997000 9.666000
4.713000 8.613000 3.566000 0.049000 6.041000 3.113000 4.446000 3.916000 5.642000 4.253000
8.724000 3.083000 9.802000 2.934000 0.568000 9.235000 9.688000 5.242000 6.465000 2.910000
